GeneSymbol	chr	NSNP	Case+	Case-	Normal+	Normal-	OR	P	Beta	P
ABCA10	chr17	6	5	132	7	98	0.530557057869118	0.914153313294855	-0.322603121027324	0.74730626254385
ABCA8	chr17	1	1	136	0	105	211	0.566115702479339	1	0.319086429784254
ACAP1	chr17	1	1	136	1	104	0.765567765567766	0.812763622646686	-0.18538968716717	0.853104613091126
ACE	chr17	1	0	137	0	105	1	1	NA	NA
ACLY	chr17	1	0	137	1	104	0.00363636363636364	1	-1	0.319631547615766
ACTG1	chr17	1	0	137	0	105	1	1	NA	NA
ALDOC	chr17	1	0	137	1	104	0.00363636363636364	1	-1	0.319631547615766
ALOX15B	chr17	8	6	131	2	103	2.35619047619048	0.244733966861978	-0.676794129119256	0.499934349333805
AOC3	chr17	2	1	136	2	103	0.379816513761468	0.919644388052536	0.0173358244491337	0.986183561198792
AP2B1	chr17	1	0	137	0	105	1	1	NA	NA
APOH	chr17	1	0	137	0	105	1	1	NA	NA
ARHGDIA	chr17	1	0	137	0	105	1	1	NA	NA
ASB16	chr17	1	0	137	1	104	0.00363636363636364	1	-1	0.319631547615766
ASPSCR1	chr17	2	0	137	0	105	1	1	NA	NA
B4GALNT2	chr17	1	0	137	0	105	1	1	NA	NA
BIRC5	chr17	1	0	137	0	105	1	1	NA	NA
BRCA1	chr17	1	0	137	0	105	1	1	NA	NA
C17orf58	chr17	1	0	137	0	105	1	1	NA	NA
C17orf67	chr17	1	0	137	1	104	0.00363636363636364	1	-1	0.319631547615766
C17orf77	chr17	2	1	136	3	102	0.250917992656059	0.96570597314376	-1.18886131514736	0.23643433796787
C17orf80	chr17	1	0	137	0	105	1	1	NA	NA
C17orf99	chr17	1	1	136	0	105	211	0.566115702479339	1	0.319086429784254
C1QBP	chr17	1	0	137	0	105	1	1	NA	NA
CACNB1	chr17	1	0	137	0	105	1	1	NA	NA
CACNG5	chr17	1	0	137	1	104	0.00363636363636364	1	-1	0.319631547615766
CANT1	chr17	1	2	135	0	105	421	0.319467782311992	1.41944172645967	0.158058277758699
CARD14	chr17	2	5	132	1	104	3.92830188679245	0.181024684988121	1.44326026978035	0.15041104600208
CASC3	chr17	2	0	137	0	105	1	1	NA	NA
CCDC40	chr17	1	0	137	1	104	0.00363636363636364	1	-1	0.319631547615766
CCDC57	chr17	1	4	133	5	100	0.601803155522164	0.862498653436732	-0.725652255334466	0.468929212615003
CCR7	chr17	1	0	137	0	105	1	1	NA	NA
CCT6B	chr17	1	0	137	0	105	1	1	NA	NA
CD300C	chr17	1	0	137	0	105	1	1	NA	NA
CD300LD	chr17	1	0	137	0	105	1	1	NA	NA
CD7	chr17	2	0	137	0	105	1	1	NA	NA
CEP95	chr17	1	0	137	1	104	0.00363636363636364	1	-1	0.319631547615766
CHRNE	chr17	2	1	136	2	103	0.379816513761468	0.919644388052536	-0.769757475987611	0.442552343492799
DBF4B	chr17	1	0	137	0	105	1	1	NA	NA
DCXR	chr17	2	3	134	2	103	1.15270018621974	0.62353419818038	0.433376476621663	0.665130872511881
DHX8	chr17	1	0	137	1	104	0.00363636363636364	1	-1	0.319631547615766
DRG2	chr17	1	0	137	0	105	1	1	NA	NA
EFCAB13	chr17	5	0	137	5	100	0.000729394602479942	1	-1.80808053091859	0.0734841053481039
EFCAB3	chr17	1	0	137	0	105	1	1	NA	NA
EFCAB5	chr17	3	0	137	2	103	0.00182149362477231	1	-1.34683090563444	0.18096231817367
EME1	chr17	2	0	137	1	104	0.00363636363636364	1	-1	0.319631547615766
ENDOV	chr17	2	1	136	2	103	0.379816513761468	0.919644388052536	-0.769757475987611	0.442552343492799
ENGASE	chr17	1	0	137	2	103	0.00182149362477231	1	-1.42106209425491	0.158290220019147
ENPP7	chr17	1	0	137	0	105	1	1	NA	NA
EPX	chr17	1	0	137	0	105	1	1	NA	NA
ERN1	chr17	2	0	137	0	105	1	1	NA	NA
ETV4	chr17	1	0	137	0	105	1	1	NA	NA
FAM64A	chr17	1	0	137	0	105	1	1	NA	NA
FASN	chr17	4	2	135	5	100	0.296817172464841	0.972471140513029	-1.41855243621533	0.158054593397586
GALR2	chr17	1	0	137	0	105	1	1	NA	NA
GGA3	chr17	1	5	132	2	103	1.94896030245747	0.345911042260767	0.833520350594018	0.405381933922803
GJD3	chr17	1	0	137	0	105	1	1	NA	NA
GP1BA	chr17	1	0	137	0	105	1	1	NA	NA
GRB2	chr17	1	0	137	1	104	0.00363636363636364	1	-1	0.319631547615766
HAP1	chr17	2	0	137	0	105	1	1	NA	NA
HID1	chr17	1	0	137	0	105	1	1	NA	NA
HOXB-AS3	chr17	1	0	137	0	105	1	1	NA	NA
ITGAE	chr17	1	1	136	1	104	0.765567765567766	0.812763622646686	-0.18538968716717	0.853104613091126
ITGB4	chr17	2	0	137	1	104	0.00363636363636364	1	-1	0.319631547615766
JUP	chr17	1	0	137	1	104	0.00363636363636364	1	-1	0.319631547615766
KANSL1	chr17	1	0	137	0	105	1	1	NA	NA
KCNJ12	chr17	1	0	137	1	104	0.00363636363636364	1	-1	0.319631547615766
KDM6B	chr17	1	0	137	1	104	0.00363636363636364	1	-1	0.319631547615766
KIAA0753	chr17	1	0	137	1	104	0.00363636363636364	1	-1	0.319631547615766
KPNA2	chr17	1	0	137	0	105	1	1	NA	NA
KPNB1	chr17	2	2	135	0	105	421	0.319467782311992	1.34560428342584	0.180669258931797
KRT31	chr17	1	0	137	0	105	1	1	NA	NA
KRT37	chr17	1	1	136	3	102	0.250917992656059	0.96570597314376	-1.18886131514736	0.23643433796787
KRT38	chr17	1	0	137	1	104	0.00363636363636364	1	-1	0.319631547615766
KRTAP29-1	chr17	1	1	136	2	103	0.379816513761468	0.919644388052536	-0.769757475987611	0.442552343492799
KRTAP4-7	chr17	1	0	137	0	105	1	1	NA	NA
LASP1	chr17	1	2	135	1	104	1.53874538745387	0.599002091834985	0.362039454737359	0.71764215305325
LGALS3BP	chr17	2	0	137	0	105	1	1	NA	NA
LINC01999	chr17	1	0	137	0	105	1	1	NA	NA
MAPT	chr17	1	3	134	5	100	0.448173005219985	0.929148645604185	-1.05574683374115	0.292537473800483
MPP3	chr17	1	0	137	0	105	1	1	NA	NA
MYBBP1A	chr17	2	0	137	1	104	0.00363636363636364	1	-1	0.319631547615766
MYHAS	chr17	1	0	137	1	104	0.00363636363636364	1	-1	0.319631547615766
MYO15B	chr17	1	3	134	0	105	631	0.179700627550496	1.7449286860508	0.0832561190935399
NAA38	chr17	1	0	137	0	105	1	1	NA	NA
NACA2	chr17	1	3	134	0	105	631	0.179700627550496	1.7449286860508	0.0832561190935399
NAT9	chr17	1	2	135	0	105	421	0.319467782311992	1.41944172645967	0.158058277758699
NDUFAF8	chr17	2	0	137	1	104	0.00363636363636364	1	-1	0.319631547615766
NF1	chr17	2	1	136	1	104	0.765567765567766	0.812763622646686	0.640591271893042	0.52268204660821
NLRP1	chr17	4	3	134	1	104	2.32342007434944	0.416544550891107	1.03741436555287	0.300860542085744
NME1-NME2	chr17	2	0	137	1	104	0.00363636363636364	1	-1	0.319631547615766
NOTUM	chr17	1	1	136	1	104	0.765567765567766	0.812763622646686	-0.18538968716717	0.853104613091126
NT5C	chr17	1	0	137	0	105	1	1	NA	NA
NT5M	chr17	1	0	137	0	105	1	1	NA	NA
NUP85	chr17	1	0	137	0	105	1	1	NA	NA
NXN	chr17	2	5	132	2	103	1.94896030245747	0.345911042260767	0.833520350594018	0.405381933922803
OGFOD3	chr17	1	0	137	1	104	0.00363636363636364	1	-1	0.319631547615766
OR3A1	chr17	2	0	137	1	104	0.00363636363636364	1	-1	0.319631547615766
OR4D1	chr17	1	0	137	0	105	1	1	NA	NA
P2RX5-TAX1BP3	chr17	1	0	137	1	104	0.00363636363636364	1	-1	0.319631547615766
PCTP	chr17	2	1	136	1	104	0.765567765567766	0.812763622646686	-0.18538968716717	0.853104613091126
PDE6G	chr17	1	1	136	0	105	211	0.566115702479339	1	0.319086429784254
PEMT	chr17	1	0	137	0	105	1	1	NA	NA
PITPNA	chr17	2	2	135	1	104	1.53874538745387	0.599002091834985	0.362039454737359	0.71764215305325
PLEKHH3	chr17	1	0	137	1	104	0.00363636363636364	1	-1	0.319631547615766
PLEKHM1P1	chr17	1	6	131	2	103	2.35619047619048	0.244733966861978	1.12076618651389	0.263526787849599
PMP22	chr17	1	0	137	0	105	1	1	NA	NA
PNMT	chr17	2	2	135	1	104	1.53874538745387	0.599002091834985	0.362039454737359	0.71764215305325
PRKAR1A	chr17	1	5	132	4	101	0.956480605487228	0.661548927051861	-0.0646889661548269	0.94848000538616
PSME3	chr17	1	0	137	0	105	1	1	NA	NA
RAC3	chr17	1	0	137	0	105	1	1	NA	NA
RECQL5	chr17	1	0	137	0	105	1	1	NA	NA
RNASEK-C17orf49	chr17	1	0	137	2	103	0.00182149362477231	1	-1.42106209425491	0.158290220019147
RPA1	chr17	2	9	128	9	96	0.750108459869848	0.798764176268007	-0.576790384196038	0.564702824736603
SEC14L1	chr17	1	0	137	0	105	1	1	NA	NA
SENP3-EIF4A1	chr17	1	0	137	0	105	1	1	NA	NA
SEPT9	chr17	1	0	137	0	105	1	1	NA	NA
SGSH	chr17	1	0	137	0	105	1	1	NA	NA
SHBG	chr17	1	1	136	1	104	0.765567765567766	0.812763622646686	-0.18538968716717	0.853104613091126
SHMT1	chr17	1	0	137	1	104	0.00363636363636364	1	-1	0.319631547615766
SLC16A3	chr17	1	0	137	1	104	0.00363636363636364	1	-1	0.319631547615766
SLC25A35	chr17	1	0	137	1	104	0.00363636363636364	1	-1	0.319631547615766
SLC38A10	chr17	1	1	136	0	105	211	0.566115702479339	1	0.319086429784254
SLC4A1	chr17	1	0	137	0	105	1	1	NA	NA
SLC9A3R1	chr17	1	0	137	0	105	1	1	NA	NA
SLFN12L	chr17	2	3	134	0	105	631	0.179700627550496	1.7449286860508	0.0832561190935399
SLFN13	chr17	3	0	137	2	103	0.00182149362477231	1	-1.42106209425491	0.158290220019147
SMG6	chr17	1	0	137	0	105	1	1	NA	NA
SPAG5	chr17	1	0	137	0	105	1	1	NA	NA
SPAG5-AS1	chr17	1	0	137	0	105	1	1	NA	NA
SPATA20	chr17	2	1	136	2	103	0.379816513761468	0.919644388052536	-0.769757475987611	0.442552343492799
SPATA22	chr17	1	0	137	0	105	1	1	NA	NA
SPHK1	chr17	5	6	131	6	99	0.75588048315321	0.780962888081517	-0.646474118180215	0.518758488247459
SSH2	chr17	1	0	137	0	105	1	1	NA	NA
STARD3	chr17	2	1	136	3	102	0.250917992656059	0.96570597314376	-1.4888415142725	0.139280158748824
SUZ12P1	chr17	1	0	137	1	104	0.00363636363636364	1	-1	0.319631547615766
SYNGR2	chr17	1	0	137	0	105	1	1	NA	NA
TAC4	chr17	1	0	137	0	105	1	1	NA	NA
TBC1D29	chr17	1	0	137	1	104	0.00363636363636364	1	-1	0.319631547615766
TEKT3	chr17	1	0	137	0	105	1	1	NA	NA
TEPSIN	chr17	1	0	137	0	105	1	1	NA	NA
TEX14	chr17	1	0	137	0	105	1	1	NA	NA
TK1	chr17	1	1	136	0	105	211	0.566115702479339	1	0.319086429784254
TMEM220	chr17	2	0	137	0	105	1	1	NA	NA
TMEM220-AS1	chr17	1	0	137	0	105	1	1	NA	NA
TMUB2	chr17	1	0	137	0	105	1	1	NA	NA
TNK1	chr17	1	0	137	0	105	1	1	NA	NA
TOP2A	chr17	1	0	137	1	104	0.00363636363636364	1	-1	0.319631547615766
TOP3A	chr17	2	0	137	1	104	0.00363636363636364	1	-1	0.319631547615766
TP53	chr17	1	0	137	0	105	1	1	NA	NA
TRIM37	chr17	1	0	137	1	104	0.00363636363636364	1	-1	0.319631547615766
TSPOAP1-AS1	chr17	1	3	134	3	102	0.761490683229814	0.773463408242231	-0.323960738041085	0.746293810249356
TTLL6	chr17	1	0	137	0	105	1	1	NA	NA
TTYH2	chr17	1	0	137	0	105	1	1	NA	NA
TUBD1	chr17	1	0	137	0	105	1	1	NA	NA
TXNDC17	chr17	1	0	137	0	105	1	1	NA	NA
UNC119	chr17	1	0	137	0	105	1	1	NA	NA
XAF1	chr17	1	0	137	0	105	1	1	NA	NA
ZACN	chr17	1	3	134	7	98	0.313798614810868	0.980678774435061	-1.62846660966251	0.105423283495662
ZNHIT3	chr17	1	0	137	0	105	1	1	NA	NA
