10	100143599
10	101157438
10	101687999
10	101716484
10	102056016
10	102296188
10	102882846
10	102883515
10	103340081
10	104158267
10	104386934
10	104493338
10	105005931
10	105152224
10	105207196
10	105209356
10	105209696
10	106022829
10	106058940
10	1065457
10	1065710
10	1068639
10	112654269
10	115349424
10	115485285
10	115489080
10	115594990
10	115612530
10	11797423
10	11797500
10	11805399
10	11805477
10	118351414
10	118363545
10	118363612
10	118364914
10	121275099
10	121578998
10	123247550
10	124214355
10	126556573
10	126673560
10	127496038
10	128153385
10	128821486
10	129216807
10	131964784
10	13363973
10	13364914
10	13378273
10	133954073
10	134230570
10	134623929
10	134627760
10	134671148
10	134671150
10	135053574
10	135086935
10	135273309
10	135342101
10	135345675
10	135350716
10	135368163
10	13695216
10	14368879
10	14368914
10	15113525
10	15120604
10	17199778
10	17216634
10	18963038
10	21435340
10	22896916
10	25241502
10	27687759
10	27688101
10	27702256
10	27793630
10	31146615
10	3143667
10	3151627
10	3177944
10	3180288
10	3185599
10	3187831
10	3199703
10	3208567
10	3212358
10	32740798
10	32807434
10	33136818
10	33496576
10	33545311
10	35485028
10	37419292
10	37478486
10	37482182
10	42905642
10	43595999
10	43596033
10	45799065
10	45799950
10	47634745
10	47642216
10	4889403
10	50369666
10	5049598
10	50830155
10	50830189
10	50854561
10	50863188
10	51768674
10	51769746
10	52005095
10	52438932
10	53822301
10	53921655
10	6000186
10	61042320
10	63172750
10	6336588
10	6657887
10	69666598
10	70547888
10	71060524
10	71160828
10	71868934
10	72026149
10	72631626
10	73405409
10	73964243
10	74885268
10	74890583
10	75105000
10	75830527
10	7605077
10	76285163
10	76855421
10	76858961
10	7751155
10	77542753
10	81107457
10	81109458
10	81111337
10	81146197
10	81904097
10	81931367
10	87489317
10	90354423
10	91172556
10	94225548
10	94246992
10	95082882
10	95713754
10	96305680
10	96447562
10	96540410
10	96702047
10	96740981
10	96741053
10	96748737
10	96802737
10	96818119
10	96824658
10	96827119
10	97174413
10	97371122
10	97791754
10	97959237
10	98392816
10	99190891
10	99358901
10	99376152
10	99439673
10	99629106
1	100681641
1	101106044
1	101354386
1	101702547
1	104619362
1	107599918
1	109197351
1	109365984
1	109365991
1	109650558
1	109772194
1	109823457
1	11009679
1	110210740
11	102239272
11	102584135
11	102643604
11	102649482
11	102649954
11	102650246
11	102650268
11	102667879
11	102668717
11	102822878
11	102825226
1	110282909
11	104763117
11	10520781
11	10563090
11	10655623
11	107966361
11	108009660
1	11087687
1	110906406
11	111327261
1	11114940
11	111945610
11	112263966
11	112832276
11	113105789
11	113105810
11	113266080
11	114270997
11	114284744
1	11159968
1	111662236
11	116701613
1	111743036
1	111778325
1	111778330
11	117857529
11	117965530
11	118133651
11	118406328
1	111860327
1	111861138
11	119061418
11	119064572
11	119142514
11	119548363
11	119549425
11	119993897
11	121416106
11	12270793
11	122722469
11	12282182
1	112302035
11	123756132
11	124056732
11	124121199
11	124266697
11	125707761
11	125808580
11	125864206
11	126162590
11	126162698
11	126162843
11	126176478
11	128807650
11	130784589
1	113264896
11	134944006
1	115236057
1	116971118
11	17297557
11	17394037
11	17452580
11	17526211
11	17548863
11	17552794
1	1178848
11	18028205
11	18159669
11	18332420
1	11844520
11	18553921
11	1857515
11	18600283
1	11906068
11	1929061
11	1946530
1	120379932
11	2161530
11	218906
11	22135029
1	1222519
11	22501617
11	2323089
11	233008
1	1256033
1	1256054
1	1262701
1	1262727
1	1263085
11	27137086
11	27148847
11	27400308
11	28106253
11	28147056
11	2938255
11	3010503
11	31327342
11	33106616
1	1334052
11	33721122
11	34595093
11	34937486
11	35344107
11	36557507
11	36557585
11	4389404
11	43923096
11	44069589
11	44924950
11	44925359
1	144930790
11	44958176
1	145608556
1	145608635
11	4594535
11	4594558
11	4594703
11	4598956
11	46760913
1	147102854
11	47256343
11	47306630
11	47370041
11	47371578
11	47380276
11	47593180
11	47688459
11	48185155
11	48286231
11	49168410
11	49221914
1	149908526
11	502129
11	5068662
1	150955582
11	5172795
1	151804213
1	151819673
1	152086555
1	152185641
11	5226318
1	152275298
1	152307813
1	152323132
1	152484245
1	152770613
1	152815489
1	153516358
1	153520235
1	153520280
11	5364541
11	5424387
11	5444136
11	5462702
11	5474721
11	5475431
1	154898899
11	55036812
1	155106016
11	55110903
1	155162102
11	55339652
11	5536759
11	55371381
11	55406022
11	55418664
11	55640355
1	155658766
11	5566751
11	55861277
11	55861306
11	55861650
1	156035717
11	56086560
11	561476
11	56237553
11	56310356
11	56344843
1	156347131
11	56380546
1	15642964
11	56431216
1	156553231
11	56587056
1	156843514
1	156846233
1	156900320
1	156928576
11	57093172
11	57144356
11	5719649
11	5730745
11	5776484
1	157772404
11	57799108
1	157805673
11	5809806
11	58126479
1	158151902
11	58170792
1	15820307
11	58207035
11	58378422
1	158450142
11	58452916
1	158532597
1	158549492
1	158576687
1	158746612
11	58891961
1	159021727
1	159043196
11	59225129
11	59245593
1	159410340
11	59480952
1	159752066
1	159778798
1	159785370
1	159785413
1	159824964
11	59940500
11	59946302
11	6007271
11	60165352
11	60173360
11	60264977
11	60265002
11	60271173
11	60714017
1	160970089
1	161049383
1	161049662
11	61081141
1	161088000
11	61089771
11	61099072
1	161122782
11	61165741
1	161199704
1	161476204
11	61490967
1	161495040
1	161495463
11	61514821
1	161565381
11	62156608
11	62369881
1	162381672
11	62381863
11	62384115
1	162560209
11	62606707
1	16265904
1	162725038
11	62848487
11	62850775
11	62910849
11	62984850
11	62996038
11	63057925
11	63078478
1	163207501
11	63617495
11	64023270
11	64031241
11	64575505
1	16461601
11	64789222
11	64815502
11	64822182
11	64824957
11	64990068
11	6503449
11	65147394
11	65359237
11	65425764
11	6555244
11	65629060
11	65650978
11	65685293
11	65685317
11	65715203
1	165865478
11	6589683
11	66130847
11	6621916
11	6622241
11	66254042
11	66366958
1	166591271
11	66617727
11	66617829
11	67166310
11	67235051
1	167385324
1	167609950
11	67821512
1	167847696
1	168105581
11	6816619
11	68671277
11	68696694
11	6913540
11	6942588
11	69462856
1	169761758
1	169761863
11	7059969
11	7060977
11	7063617
1	171112490
1	171165802
1	171173121
1	171178090
1	171254588
1	171605081
1	171605526
1	171605539
1	171605605
11	71807767
11	71850156
1	172422206
1	172431386
1	1724719
1	173020073
11	73528887
11	73716889
1	173837391
11	73941293
11	73978243
1	17402216
1	17413127
1	17413152
1	17420121
1	17429489
11	74563077
11	7509386
11	75589531
1	17658124
1	17664622
1	17668888
11	76751587
11	76895770
11	76954788
11	7712471
11	77629132
11	77734294
1	178514165
11	7949294
1	179504070
1	179858444
1	180155276
11	8118874
11	82536108
11	82550387
1	182555149
11	82564294
11	82571070
1	182571591
11	82984770
1	183212845
1	183532437
1	183592594
11	8414089
11	8414090
11	85437499
11	86438566
11	8702213
1	18808229
11	88338074
11	88780852
11	89420607
11	89880604
11	89880660
11	89955696
1	19199448
1	19201919
1	19201928
1	19215880
1	192917232
1	193074511
11	93141472
11	93148201
1	19408294
11	94224031
11	94225807
11	95527525
11	95569448
11	95571347
11	95578270
1	19597274
1	19597328
1	19600478
11	96245246
1	196757874
1	196927185
1	197009508
1	198225478
1	198505831
1	200890476
1	201356004
1	202119546
1	202121683
1	202148033
1	202183357
1	202715270
1	203023240
1	203154379
1	203186950
1	203186963
1	203188905
1	203188948
1	203194834
1	203194848
1	20389976
1	20445950
1	20501582
1	20517763
1	205683626
1	206902437
1	206905040
12	100560416
12	1017956
12	101994234
12	1022569
12	1023218
12	10271087
12	1038978
12	104350408
12	104374685
1	210439529
12	104484720
12	105509455
12	10569265
12	108912399
12	109281310
12	10929915
12	109526189
12	109526293
12	109527942
12	10958845
12	10959534
12	109623516
12	109895854
12	109998846
12	110013879
12	110019233
12	110238466
12	110238481
12	110238487
12	111160015
12	11150371
12	11214145
12	11214631
12	112331317
12	112416586
12	113354384
12	113357193
12	113369715
12	113379390
12	113403675
12	11420333
12	114545205
12	11461154
12	11461802
12	114837371
12	11504864
12	117710246
12	117724018
1	211859925
12	119978425
12	120109284
12	121093631
12	121174938
12	121471363
12	121570899
12	122845698
12	122862233
12	12303899
12	12334006
12	124323006
12	124456440
12	125432618
12	12630675
12	12630681
12	126454355
1	212798487
1	212799882
1	212965284
1	212969889
1	212985592
1	213009383
12	131514627
12	132394378
12	13240162
12	132811498
12	133294662
12	13364476
1	214549699
12	14976417
12	14994015
12	15070187
12	15100825
12	15733669
1	217838620
1	21801435
1	218504399
1	218518515
12	18800961
1	21924912
1	21935358
1	220232191
1	220232324
1	220658783
12	21467482
12	22015989
1	223285200
1	22357433
1	223722780
1	223933079
1	223938625
1	223947081
1	223949314
1	22413335
1	224463074
1	22453975
1	225231636
1	225328432
1	225380561
1	225586901
1	225586971
12	25705804
1	2258626
1	2258940
12	26479398
1	226578166
1	226589958
12	26834804
1	227170648
1	227174318
12	274696
12	27523100
12	27543028
12	27863531
1	228391808
1	228399671
1	228469903
1	228602816
12	28603112
1	228871693
12	2908330
1	229385669
12	29542739
1	229667384
12	29689066
1	230379092
1	230395511
1	230410217
12	3049797
1	230814431
1	230895257
1	230898397
1	230927675
1	231353589
12	31815202
1	23280491
1	233316778
1	235324545
1	236706300
1	236900508
1	237001869
1	237054504
1	23761028
1	23763449
12	39720130
12	40702947
12	40704252
12	40820208
12	40830450
12	40834955
12	40837264
12	40843506
12	40873278
12	40873944
12	40875574
12	40929743
12	40931655
1	24123212
1	242015658
1	242023898
1	242159552
1	242159614
12	44142401
1	24432540
1	244583585
1	24460844
1	245133549
1	245133623
1	245133746
1	245134086
12	45686703
1	247320105
1	247614465
1	247615261
1	247719769
1	248039789
1	248059779
12	48111969
1	248113026
12	48185448
12	48185449
1	248247748
1	248367306
1	248402897
12	48410978
12	48440205
1	248458875
1	248525328
1	248525638
12	48596875
1	248685829
1	2491306
12	49316824
12	49484933
12	49724861
12	50503242
12	50727870
12	51723598
12	51740413
12	51740414
12	51890960
12	52204038
12	52204324
12	52284274
12	52467674
12	52651953
12	52711747
12	53167416
12	53184619
12	54577718
12	54734289
12	54865919
12	55039817
12	55040904
12	55344024
12	55377777
12	55523586
12	55641255
12	55688418
12	55714406
12	55759191
12	55806629
12	56077768
12	56236602
12	56360876
12	56363357
12	56600528
12	56660905
12	57390858
12	58017665
12	58017860
12	58174275
12	59206383
12	60161941
12	6125820
12	6128280
12	6128446
12	6439066
12	64849659
12	652372
1	26644537
12	664494
12	66704273
12	66715790
12	66909431
12	68051571
12	69050235
12	69127245
12	6958948
12	69645864
12	6969574
12	6982162
12	7053817
12	7173893
12	71834037
1	27190324
12	71950407
12	71961096
12	71971766
12	71972585
12	7244382
12	7260709
12	7475081
1	27688743
1	27699670
12	77208936
12	7805414
12	7818468
12	79349347
12	79842709
12	80855835
12	80878187
1	28240807
12	82752457
12	8290881
12	85423670
12	85638645
12	8630029
12	8801082
1	28862454
12	89744826
12	9246176
12	92818576
12	9309819
12	93147868
12	9321534
12	9406200
12	94676082
1	29527028
12	95321792
1	29533289
12	95879687
12	95879734
12	95906603
12	96380932
12	9806405
12	9885707
12	98880901
13	100518634
13	100850722
13	101318312
13	103389158
13	108861913
13	108863591
13	111160094
13	114624153
13	115009384
1	31414769
13	19434585
13	19529067
13	19600529
13	19778478
13	19864892
13	19955318
13	20593731
13	21746600
13	22077082
1	32230280
1	32379996
13	25424583
13	25832831
1	32794734
1	3303260
13	31531009
13	32972626
13	33684221
1	33487007
13	36878504
1	33777669
13	41704659
13	42770097
13	42772730
13	43181024
1	34339202
13	43462434
13	45926031
13	46287373
13	47040846
13	48667697
13	50205029
13	50242553
13	51101573
13	51530586
1	35227239
13	52684475
13	52997751
13	53157322
13	53216701
13	53217455
13	53617309
13	56789194
1	36893930
1	3700430
13	71589382
13	71741816
13	73317740
13	77581471
1	37945956
1	37947336
1	38188604
13	85136812
13	96439375
1	39719812
1	39775245
1	40535953
1	40557033
1	40773150
1	40981245
14	100803423
14	100840403
14	101036074
14	101324135
14	101536778
14	102548703
14	102729881
14	102729886
14	104380871
14	105054085
14	105055960
14	105238711
14	105241422
1	41454328
1	41486083
14	20528448
14	20692799
14	20823095
14	20924167
14	20925431
14	20940515
14	20940626
14	20943302
14	21026773
14	21458351
14	21486387
14	21490275
14	21492374
14	22138560
14	22476146
14	22476390
14	22653667
14	22690191
14	22995872
14	23397409
14	24029037
14	24029231
14	24424367
14	24460163
14	24470138
14	24629744
14	24651624
14	24679928
14	24683266
14	24707479
14	24768291
14	24768299
14	24976561
14	25075810
14	25103414
14	25596123
14	31952754
1	43215861
1	43273064
14	35237939
14	37149866
1	43824089
1	43826794
1	43917098
14	39601190
1	44118894
1	44132744
1	44422622
14	44975971
14	45511499
14	45604461
14	45628283
14	45654410
1	44679335
14	47600946
14	50311530
14	51348345
1	45223255
14	52735063
1	45479439
14	55609418
14	55611839
14	56757104
14	57672624
14	57947421
14	57948380
1	45797760
14	58832019
1	45962983
14	59950206
14	60448779
14	60474859
1	46089315
14	61550315
1	4632528
14	64560092
14	64821435
14	65390839
14	65688936
14	67671482
14	67786979
14	68053899
14	68181607
14	69006916
14	69928413
1	47080679
1	47131319
1	47280746
1	47280859
14	73706541
14	73711953
14	73719484
14	73965778
14	74036216
14	74060508
14	74763086
14	74947404
14	75159007
14	76041438
1	47610223
14	76662376
14	77275969
14	77295101
14	77541709
14	81297440
14	81676282
1	48708228
14	88458745
14	88862529
14	90303382
14	90489419
14	91581340
14	91636532
14	92040589
14	92537223
14	93180727
14	93185129
14	93412743
14	93483104
14	94410275
14	94563265
14	94563286
14	94633880
14	94754643
14	94756669
14	94935615
14	94935628
14	94956100
14	94964104
14	94964311
14	94970369
14	95726941
14	95922120
14	96010424
14	96178113
14	96180373
14	97327098
14	99182526
15	100256857
15	100846757
15	101835306
15	101905203
15	102358818
1	51584465
1	51700636
1	51767757
1	51888878
15	25131738
15	30026582
15	31221574
15	31294714
15	32958119
1	53326421
15	33534903
15	34159987
15	35198879
15	39363702
15	39880818
15	40750721
15	40947173
15	41099899
15	41291639
15	41795054
15	41799711
15	42162467
15	42185482
15	42375978
15	43384221
15	43658935
15	43925134
15	44036768
15	44089414
1	54475967
15	45050956
15	45216857
1	54605319
15	48444430
15	50593417
1	55072826
1	55072915
1	55073719
15	50769082
15	50789423
15	51514572
1	55181280
1	55182300
15	51984362
1	55251314
1	55279486
15	52882872
15	54709083
1	55512222
1	55518370
1	55523779
1	55524222
1	55527222
1	55529215
15	55722882
15	56721300
1	55683603
15	56841709
15	58571401
15	60666686
15	64648186
15	65214210
15	67528778
15	67596677
15	68497597
15	69327737
15	69548338
15	69587410
15	71071119
1	57158051
1	57224387
15	72639003
15	73562532
15	73617693
15	73990045
1	57406638
15	74220404
15	75013005
15	75014921
15	75093422
15	75320725
15	75641392
15	75641682
15	75902275
15	75913260
15	76016583
15	78558584
15	78807407
15	78834533
15	79185898
15	81616177
15	81624929
15	81635073
15	85177613
15	85229745
15	85669541
15	86205618
15	86622993
15	87217666
15	89436295
15	89878601
15	90020837
15	90344348
15	90349461
15	90630704
15	90764219
15	90806356
15	91423337
15	91428521
15	91434277
15	91435993
15	91452594
15	91474631
1	5935162
15	96590017
15	97327393
15	99496340
15	99511804
15	99671617
1	60104049
1	60456491
16	10894197
16	1143496
16	12181888
16	1291622
16	1291685
16	1306559
16	13297348
16	1364365
1	6142308
16	14672487
16	15696480
16	15976805
16	16173232
16	16177275
16	1821082
16	1822797
16	1833508
16	1869124
16	1872312
16	19073120
16	19078902
16	19729016
16	19869841
16	2030005
16	20361087
16	20453711
16	20792388
16	20802007
16	21279025
16	22142602
16	2279613
16	2305693
16	23695263
16	23700059
16	23700924
16	23768875
16	2721023
16	2721345
16	27230333
16	27231740
16	27375423
16	27730073
16	28600002
16	28602991
16	28603012
16	28607196
16	28618088
16	28631383
16	2881827
16	29224228
16	3019446
16	3070708
16	31105554
16	31448168
16	31474091
16	31539927
16	31766921
16	31770696
16	3195668
16	321200
16	324075
16	3293257
16	3293403
16	3293880
16	3297144
16	334920
16	33605231
16	336888
16	3406756
16	34331883
1	63489983
1	6354955
16	3644511
16	3716025
16	3721773
16	3724352
16	3726094
1	64089432
16	422544
16	4256755
16	4465714
16	4556911
16	461483
16	4649366
16	4745051
16	4764117
16	48130781
16	48134784
16	48172226
16	48174765
16	48395527
16	4847841
16	49412420
16	5122072
16	52128986
1	65312342
1	65460772
16	55523622
16	55525759
16	55527073
16	55862682
16	55903554
16	55903640
16	55905536
16	55905676
16	56508775
16	56532606
16	56701294
16	56873613
16	57464236
16	58052907
16	58054099
16	586144
1	6615467
16	622568
16	65397282
16	65605672
16	6623892
16	66518664
16	66547767
16	66786804
16	66857451
16	66861836
16	67005219
16	67063054
16	67195842
16	67220231
16	67236109
16	675087
16	67694044
16	67697633
16	68088485
16	68105011
16	69748869
16	69748928
16	69760341
16	70358495
16	70688560
16	70690916
16	70694000
16	71264561
16	72120683
16	72156856
1	67242087
16	733572
16	74349043
16	74729655
16	75406468
16	75498148
16	75669878
16	775236
16	776614
16	77756501
16	777912
16	78312552
16	79245873
16	80666826
16	81012303
16	81012307
16	81030564
16	81031957
16	81056441
16	81161473
16	81174978
16	81181120
16	81183325
16	81194437
16	81242198
16	81929485
16	82033810
16	82132040
16	82203953
16	824473
16	830559
16	83945874
16	84074671
16	84495318
16	84529382
16	84801966
16	84875873
16	85105371
16	85722496
1	68604134
16	863355
16	86381056
16	86383154
16	8738625
16	87807148
16	88596848
16	88719760
16	88780634
16	88876886
16	88901662
16	88901673
16	88902199
16	88908306
16	88909159
16	8891471
16	88921634
16	88925112
16	8905010
16	8906914
16	89261482
16	89264514
16	89291210
16	8952287
16	89613145
16	89645368
16	89651175
16	89712997
16	89735891
16	89829196
16	90038228
16	90046121
16	90048327
16	90097672
16	90097748
16	90128376
16	90161003
16	90162552
1	70881670
1	70890007
17	10302192
17	10627771
17	10633185
17	10641889
17	1456318
17	1465837
17	15134114
17	15234412
17	16829159
17	17250197
17	17494909
17	1782952
17	1782957
17	18004862
17	18196027
17	18208493
17	18243534
17	19578873
17	20554850
17	21026758
17	21319849
17	2206772
17	25568638
17	26699199
17	26875677
17	26901194
17	26925964
17	26938471
17	27279474
17	28255563
17	28268817
17	28268857
17	28405349
17	28887134
17	29113338
17	29652931
17	29653037
17	30183663
17	3195087
17	3195603
17	33269927
17	3374972
17	33768369
17	33772658
17	33772713
17	33806841
17	33814758
17	33986976
17	34853569
17	3583059
17	3629075
17	36894839
17	37074932
17	37329815
17	37816461
17	37818561
17	37826249
17	37826316
17	38064469
17	38297453
17	38319728
17	38519831
17	38567951
17	38715186
17	38858134
17	39240563
17	39254335
17	39458573
17	39551099
17	39579059
17	39596687
17	39605354
17	39880966
17	39890576
17	39923673
17	40049320
17	40821603
17	40985792
17	41004637
17	41006561
17	41222975
17	41598230
17	41622970
17	41896448
17	41961451
17	42255642
17	42268255
17	42337247
17	42786208
17	44055647
17	44112733
17	4442931
17	4443244
17	45425287
17	45438788
17	45438886
17	45447802
17	45452257
17	45468858
17	45735975
17	45750468
1	74649119
17	46679439
17	46882286
17	47014651
17	47246247
17	47916006
17	4803711
17	4803796
17	4836114
17	48458184
17	48458241
17	48625307
17	48625643
17	49238549
17	49243859
1	75175797
1	75214441
17	53076986
17	5338281
17	53828493
17	53844742
17	5440197
17	5440221
17	5445243
17	54872480
17	5487821
17	56233444
17	56272501
17	56429094
17	56646622
17	57158552
17	57968398
17	58642801
17	59667953
17	60472551
17	60824224
17	61574366
17	62126458
17	62132160
17	62515460
17	62811364
17	6349444
17	636266
17	64210580
17	64881037
17	6493199
17	6544421
17	65989037
17	66039095
17	66519857
17	6663899
17	66872845
17	67145190
17	67149973
17	67150151
17	67189302
17	67190536
17	67219768
17	6917789
17	70036479
17	71238491
17	72103017
17	72211845
17	7246851
17	72540958
17	72581129
17	72588438
17	72588806
17	72759575
17	72768697
17	7290695
17	72959177
17	73126866
17	73230936
17	73244930
17	73322041
17	73592568
17	73625173
17	73746884
17	73747128
17	7386280
17	74073447
17	74077797
17	74383107
17	74383109
17	74383348
17	74383475
17	74383601
17	7479892
17	75086967
17	7529902
17	75483633
17	75529349
17	7578210
17	76153577
17	76168080
17	76178751
17	76219784
17	76972231
17	76973547
17	76994369
17	77073941
17	7754823
17	7760574
17	77707453
17	78021155
17	78165202
17	78166385
17	78184601
17	783118
17	78389478
17	78396004
17	78943513
17	79212625
17	79214241
17	79214927
17	79225074
17	7942516
17	7942814
17	79477356
17	7948239
17	7948638
17	7948640
17	7950265
17	7950958
17	7951878
17	79614932
17	79620347
17	79826818
17	79912164
17	79972949
17	79974815
17	79991603
17	79994600
17	79995490
17	800125
17	80041466
17	80041950
17	80046994
17	80048873
17	80071450
17	80193928
17	80274159
17	80274161
17	80369330
17	8079029
17	8192377
1	78212083
1	79101171
1	8025459
1	8030994
18	11885912
18	12014325
18	12014354
18	12254562
18	12254956
18	13491469
18	18622539
18	21736486
18	24442227
18	25616451
18	28576756
18	28647999
18	29772759
18	29782953
18	29784171
18	29790520
18	29795160
18	3075746
18	3086065
18	3451762
18	39584412
18	3986118
18	42456670
18	43314238
18	44236995
18	44526837
18	44660923
18	44660924
18	45101318
18	46847749
18	47367762
18	49864817
18	51858156
18	51880889
1	85598679
18	56719900
18	57126323
18	58471576
18	58495028
1	85930530
18	59415272
18	59560027
18	61067818
18	61322980
18	61323011
18	61323228
18	61324115
18	61325815
18	61325816
18	61471522
18	61621671
18	658001
18	658170
18	662247
18	66358514
1	87102593
18	72913920
18	74728772
18	7774190
18	8248334
18	8248335
18	8809445
18	9104204
1	89273287
1	89525966
1	89655720
1	9009414
1	9009470
1	9027827
19	1004896
19	1005224
19	10132000
19	10221543
19	10225189
19	10370095
19	1041352
19	10439711
19	1046404
19	10464843
19	10468447
19	10477132
19	10488926
19	10570141
19	10574549
19	10614224
19	10624510
19	10676487
19	10683550
19	11326148
19	11459665
19	11618766
19	11688889
1	9118247
19	11917219
19	11977147
19	12058390
19	12145645
19	12156895
19	12187315
19	12224172
19	12462873
19	12568392
19	1271462
19	12937316
19	13875421
19	13879530
19	13879780
19	1397443
19	13988181
19	14000171
19	1401397
19	14049013
19	14070706
19	14139137
19	14578707
19	14581063
19	15235879
19	1534042
19	15733914
19	15789140
19	15795693
19	16060267
19	16263946
19	16308786
19	16620328
19	16739514
19	16855433
19	16908698
19	17392630
19	17397500
19	17830077
19	1783027
19	17830777
19	1795984
19	18255940
19	18255967
19	18329785
19	19039030
19	19145021
19	1978927
19	1979386
19	1989867
19	20036937
19	20047782
19	20807177
19	20973551
19	20989982
19	21292448
19	21307881
19	21720434
19	22116015
19	22364389
19	2255311
19	22697177
19	22786020
19	2280756
19	22817277
19	22846601
19	22940192
19	23927741
19	24118136
19	2876090
19	29103063
19	2917879
19	29364706
19	2936535
19	29903875
1	9304978
19	31851269
19	32083250
19	32972995
19	330263
19	33095313
19	33096816
19	33098586
19	33467413
19	34859522
19	34868776
19	3492318
19	3543380
19	35435496
19	35550878
19	35718891
19	35719020
19	35837096
19	35897981
19	36269602
19	36283289
19	36523669
19	37100817
19	37292143
19	3760241
19	37715704
19	37753337
19	37854207
19	3789321
19	38055730
19	38897643
19	38899492
19	39369935
19	39370101
19	39379770
19	39380358
19	39384148
19	39666006
19	39669106
19	39820242
19	39915876
19	39950209
19	39955533
19	40172637
19	40225031
19	40554705
19	40964064
19	40964312
19	40964395
19	41082868
19	41211076
19	41239223
19	41263403
19	41381683
19	41518244
19	41518337
19	41600311
19	41888850
19	42092225
19	42192030
19	42930751
19	43268140
19	4328755
19	43439694
19	43772302
19	43859812
19	4470611
19	44777395
19	44778795
19	44946749
19	45284266
19	45448070
19	45916903
19	45923617
19	46176130
19	46198825
19	4659924
19	46732384
19	46823702
19	46857015
19	46914547
19	47104226
1	94713460
19	47422307
19	47918144
19	48110867
19	48249288
19	48259787
19	48260295
19	48386992
19	4847828
19	48551620
19	48624526
19	48631258
19	48640807
19	48643361
19	48735017
19	48737706
19	48846060
19	48876829
19	490040
19	49079224
19	49090548
19	49128113
19	49206674
19	49207095
19	49318380
19	49339590
19	49436980
19	49442735
19	49442849
19	49445774
19	49447748
19	49561868
19	49845738
19	49852030
19	49993383
19	50412230
19	50493019
19	50498508
19	50818020
19	50898281
19	50985131
19	51227161
19	51359566
19	51462454
19	51518037
19	51535130
19	51585978
19	51645726
19	51850230
19	51981792
19	52004791
19	52004903
19	5208335
19	52096033
19	52096053
19	52097560
19	5211624
19	5212482
19	5214486
19	5245977
19	52714719
19	52729030
19	52801022
19	52803669
19	52919164
19	52919387
19	53085847
19	53453131
19	53594665
19	53626794
19	53740406
19	53770879
19	53926318
19	541242
19	54314063
19	54723355
19	54798021
19	54870191
19	54872594
19	54872698
19	54872798
19	55019261
19	55107223
19	55119373
19	55179246
19	55526026
19	55550807
19	55667647
19	55672055
19	55697712
19	55865279
19	56348075
19	5692192
19	56973778
19	57646393
19	57838058
19	57939826
19	57987905
19	58003580
19	58019892
19	58141763
19	58144715
19	58151338
19	58153465
19	58213743
19	58301766
19	58370687
19	58423509
19	58514136
19	58578441
19	58773815
19	5915026
19	621070
19	6374496
19	6375368
19	6381628
1	96471918
19	6476087
19	6534728
19	6760707
19	6826630
19	6833210
19	6897464
19	7011876
19	7553859
19	7706658
19	7707369
19	7708058
19	7711153
19	7712686
19	7743869
19	7754194
19	7761802
19	7828277
1	97915614
19	7975586
19	8038724
19	804642
19	8567475
19	871604
19	9236698
19	9236916
19	9236969
19	9237263
19	9452026
19	9453655
19	9801440
19	9949152
20	10632861
20	10639222
20	10968180
20	1247357
20	1294073
20	13567973
20	1532337
20	16729048
20	170263
20	17970618
20	18119089
20	18142462
20	18446022
20	18477792
20	20033242
20	20033322
20	20033367
20	23584368
20	23805918
20	2473472
20	258970
20	2597716
20	2846052
20	29976830
20	30070239
20	3091365
20	31647696
20	31659102
20	31767461
20	31812208
20	31828172
20	31890555
20	3193842
20	31984599
20	32880242
20	32881908
20	33122493
20	34214723
20	34215234
20	35521264
20	3649632
20	36759521
20	36760894
20	36768026
20	36770588
20	36784455
20	36869005
20	3687141
20	3784112
20	39728767
20	43252915
20	43255220
20	43255233
20	43836779
20	43851696
20	44047493
20	44095917
20	44144247
20	44477308
20	44485952
20	44511257
20	44639599
20	45920588
20	46307250
20	48124582
20	48140705
20	48156149
20	48156189
20	48156249
20	48164401
20	48164503
20	49191191
20	49195061
20	50092193
20	55847109
20	55931594
20	56138178
20	56139365
20	56140439
20	56195349
20	57321617
20	61557782
20	61834092
20	61986949
20	7864284
20	7886919
20	7920986
2	100029254
2	100055158
2	101086951
2	102038936
2	102998083
2	103343425
2	10582196
2	10584626
2	105953938
2	106690470
2	108863758
2	108875267
2	108875464
2	108998301
2	111875379
2	11273458
2	112767592
2	112786025
2	113191010
2	113300001
2	113671389
2	114392640
21	14743895
21	15592030
21	15726002
2	11727507
2	118579599
2	120005267
2	120005312
2	120078770
2	120125053
2	120129886
2	120439282
2	1206366
2	122216419
21	22656629
2	124774478
21	27588004
2	127656861
21	28315841
2	128610648
21	30365264
2	130931095
2	131116973
2	131127651
21	31462310
2	131486965
21	31709731
21	31744127
21	31768494
21	31913981
2	132047601
2	133875683
21	33964722
21	33984567
21	34169317
21	34634991
21	34860749
21	34950699
2	136664975
21	37507740
21	37518582
21	37747607
21	37858564
2	138030234
21	38529482
2	138758542
21	39528455
21	42694633
21	42814591
21	42830677
21	43297380
21	43504211
21	43531325
2	143798189
21	43803308
21	44119120
21	44323720
21	44480591
21	44485590
21	44492171
21	45168884
21	45168923
21	45223524
21	45725746
21	46328099
21	46528631
21	46624486
21	46685550
21	46703410
21	46918258
21	46918277
21	47016304
21	47351537
21	47612512
21	47635631
21	47641794
2	1507598
2	152226570
2	152226616
2	152235888
2	152236045
2	15378808
2	158958551
2	158978085
2	159477634
2	159672322
2	160571110
2	162876768
2	162890142
2	162904013
2	163124596
2	163134090
2	163136505
2	163215655
2	165107229
2	165657066
2	166966113
2	167266447
2	167759994
2	168041152
2	169769709
2	170387886
2	170441001
2	170462574
2	170465182
2	170624221
2	171793139
2	173462340
2	175292580
2	178879181
2	178969133
2	178969169
2	179623772
2	17962993
2	179666871
2	181832078
2	181968205
2	183972433
2	183983669
2	183995729
2	186603605
2	18766156
2	18767621
2	190670539
2	191125911
2	196397969
2	198381450
2	198593260
2	201571143
2	201637798
2	201722827
2	202006096
2	202122956
2	202141678
2	202149589
2	202149696
2	202630513
2	206641239
2	206641245
2	207041527
2	20798006
2	208478012
2	208486581
2	209108317
2	209113192
2	209302328
2	214016849
2	214160817
2	215593522
2	216251580
2	216257886
2	216530102
2	216928870
22	17054103
22	17469049
22	17589602
22	17589794
22	18222868
2	218577813
22	18912677
2	219029932
2	219294189
22	19435962
2	219483469
2	219495414
22	19511925
2	219842203
22	19950268
22	19951237
22	19951816
2	220077134
2	220078006
22	20100166
2	220144410
2	220164724
2	220194358
22	20230301
2	220361590
22	20891498
22	21057117
22	21357119
22	21360566
22	21360718
22	22048114
22	22453425
22	22516766
22	22599215
22	22599216
22	23412942
22	23735466
22	23735655
22	23776919
22	23909512
22	23995540
22	24108412
22	24176677
22	24226213
22	24826863
22	25010855
22	25017036
22	25124143
22	25599849
22	25603018
22	25905305
22	26288192
22	26862041
22	26936897
22	26937087
22	26937139
22	27019197
22	27019264
2	227663185
2	228476140
22	29121019
22	29133312
22	29837884
22	30517715
22	30635934
22	30856121
22	30886156
22	30890886
22	30891250
22	30891300
22	30891412
2	231038403
2	231076191
2	231193547
2	231222675
2	231334504
22	31536134
22	31672776
22	32072800
22	32614713
22	32630946
22	32643447
22	32643460
2	232880710
2	233200849
2	233897414
2	233897503
2	233898918
2	233898951
2	233899234
2	233899377
2	234113396
2	234294634
2	234591343
2	234732311
22	36122365
22	36556768
22	36569418
22	36569419
22	36587845
22	36597744
22	36598081
2	236761414
22	36792162
22	37271802
22	37363993
22	37420423
22	37622815
22	37966314
2	237996106
22	38005144
22	38028046
22	38061637
22	38061816
2	238454152
22	38478666
22	38877527
2	239067797
22	39134956
22	39482371
22	39814746
22	39822851
2	239844036
2	239988610
2	240003873
22	40161341
2	240323905
2	240500249
22	41257620
22	41257834
2	241402836
2	241496770
22	41566434
2	241621799
2	241812428
2	241813453
2	241815411
2	242036797
2	242046785
2	242051654
2	242062162
2	242072401
22	42076330
22	42095539
2	242128114
2	242163365
22	42336172
22	42341934
2	242439595
22	42524175
22	42524243
22	42524817
22	42524947
22	42525085
22	42525180
22	42525798
22	42525811
22	42538040
2	242593011
2	242688366
2	242707126
2	242716400
2	242916600
22	42972515
2	24305888
2	24387178
2	24402127
22	44602262
22	45560641
22	45567035
22	45684998
22	46627780
22	47022814
22	47185207
22	48940714
22	50695370
22	50705304
22	50926466
22	50928012
22	50960682
22	50964236
22	50964446
22	50967740
22	51019973
2	27322600
2	27460669
2	27461368
2	27745372
2	27849928
2	28081439
2	28610627
2	29093143
2	29225458
2	29430910
2	31560572
2	31562412
2	31571197
2	31572992
2	31593265
2	31595130
2	31595176
2	31606670
2	31610701
2	31621475
2	3212704
2	32991567
2	37000956
2	37336403
2	37480319
2	37580074
2	37599963
2	3816733
2	38178404
2	38179414
2	3826476
2	38916970
2	38976658
2	42165754
2	42615584
2	42995018
2	43906778
2	44528267
2	47453019
2	47572363
2	47596853
2	47635667
2	48026308
2	48032098
2	48134442
2	52722976
2	54284441
2	54483287
2	55407644
2	6112516
2	6113562
2	61188643
2	61361325
2	61719275
2	62312007
2	64416150
2	64428494
2	6773920
2	68592546
2	68805142
2	69300191
2	71058306
2	71058906
2	71060037
2	71062837
2	71297695
2	71304738
2	71709066
2	7217012
2	73151153
2	74077556
2	74174013
2	74177777
2	74669326
2	74690429
2	75906919
2	85629266
2	85876139
2	85921552
2	87049443
2	90154255
2	90211969
2	9588338
2	96935044
2	96943635
2	97779487
2	98737874
2	98779439
2	98810932
2	99347509
3	100712249
3	107011502
3	107096750
3	107941167
3	108076875
3	108147680
3	108475665
3	108475993
3	108634973
3	108672558
3	109056363
3	11061962
3	111342600
3	111352829
3	111766585
3	111835594
3	112328932
3	112545910
3	112935114
3	112999960
3	113147909
3	1134445
3	113729786
3	113955187
3	113955726
3	114085876
3	116728076
3	116728168
3	11848923
3	120347374
3	120429189
3	121251884
3	122152573
3	122440501
3	123458839
3	124462824
3	12475557
3	125690885
3	125725268
3	125725559
3	126135332
3	126247973
3	127292589
3	127396573
3	127413881
3	127413976
3	128525253
3	128634098
3	129108158
3	129152089
3	129178195
3	129828078
3	130114290
3	130132401
3	130139996
3	130159330
3	130187662
3	130190720
3	130311412
3	131101338
3	132337477
3	132378559
3	133362154
3	133928551
3	134967263
3	135825050
3	135974227
3	137843333
3	138121006
3	138668457
3	140225492
3	142746021
3	145939856
3	146176241
3	14755667
3	149238595
3	149245675
3	14939506
3	150404142
3	151162965
3	151545958
3	153202348
3	153652850
3	15455433
3	155093571
3	15515695
3	155649576
3	155991451
3	157221258
3	158320712
3	158388795
3	159609989
3	159744574
3	159819946
3	161161485
3	167083673
3	167284676
3	167510414
3	167510472
3	169514072
3	169644115
3	171902034
3	17704603
3	178917488
3	178927410
3	178952020
3	178960766
3	179325566
3	180334077
3	182853554
3	183107557
3	183354008
3	183623391
3	183752964
3	183754294
3	183975444
3	183976103
3	184289152
3	184290348
3	184298303
3	186394974
3	186461524
3	186648929
3	186947680
3	186953932
3	190106071
3	192973579
3	193052769
3	194061907
3	19490425
3	195452663
3	195787084
3	196019212
3	196046921
3	196865242
3	197765730
3	21819099
3	22946146
3	239555
3	25835860
3	25835983
3	32030998
3	32169601
3	33887008
3	37050325
3	38025750
3	38240280
3	38348743
3	38390056
3	38407198
3	38438638
3	42560883
3	42660567
3	42729732
3	44636278
3	44943164
3	46414943
3	46786162
3	46875258
3	47318830
3	47933903
3	48265003
3	48520628
3	48669762
3	49318208
3	49321424
3	49721812
3	49828873
3	49842325
3	49934828
3	49935503
3	50289853
3	50340004
3	51907769
3	51969489
3	51971298
3	51982335
3	52263967
3	52269071
3	52325759
3	52457103
3	52821992
3	53213691
3	53267183
3	53269087
3	53269163
3	53899276
3	53912396
3	53914093
3	54952509
3	58080567
3	59957226
3	62142878
3	62253152
3	63805214
3	66433793
3	66434423
3	69053587
3	69154049
3	72891547
3	72897459
3	73111481
3	73111724
3	73111900
3	75484164
3	75834065
3	78766992
3	81627175
3	82507300
3	8653326
3	89498428
3	89498430
3	9090944
3	93782824
3	9405018
3	97677897
3	97888322
3	98073591
3	98110406
3	98217178
3	9867484
3	9874914
4	100057727
4	100064326
4	101108875
4	103505961
4	104017377
4	105887763
4	106190862
4	107156462
4	1087327
4	1087328
4	1087329
4	1087487
4	1090625
4	110268788
4	110615831
4	110615839
4	110757188
4	111431444
4	111542154
4	113352488
4	119736701
4	120528064
4	120982045
4	122590824
4	122741807
4	1244682
4	128904204
4	129099645
4	130875524
4	132926230
4	136013571
4	138969094
4	144918712
4	144938033
4	15002784
4	150177249
4	150701382
4	152201018
4	152638153
4	153691316
4	15482360
4	155407595
4	156226304
4	15656897
4	156706482
4	156832715
4	15739428
4	157510383
4	158142820
4	158253979
4	15835844
4	159091422
4	165898682
4	169317279
4	170867381
4	172559810
4	186380129
4	187003678
4	187004767
4	187026557
4	187208968
4	187209729
4	189064081
4	20512137
4	20512746
4	20728910
4	2175733
4	2195009
4	22749148
4	23123996
4	2966987
4	3009536
4	3445768
4	3589719
4	36017581
4	37962608
4	38774889
4	39510264
4	39512325
4	39512347
4	41941737
4	44688041
4	44946092
4	48833549
4	49034669
4	49063892
4	5527115
4	55575593
4	55594008
4	55599268
4	55956225
4	55979558
4	57314905
4	5975385
4	645548
4	663836
4	66535284
4	6676719
4	675949
4	68829109
4	69433891
4	69687987
4	69917321
4	70512787
4	70592915
4	70866636
4	71339723
4	71888240
4	72669661
4	74321009
4	74702809
4	76521525
4	76794450
4	76805745
4	76842103
4	77067135
4	77089557
4	77102148
4	78989716
4	8043075
4	8396576
4	84206004
4	84216649
4	86985476
4	87028403
4	89189971
4	89445906
4	91648353
4	944210
4	95083747
4	95220634
4	95376504
4	9784658
4	98041918
4	981684
4	981734
4	99317239
4	995305
4	995868
4	995919
4	996165
4	996690
5	101572564
5	102361084
5	10280729
5	1036962
5	10448375
5	10521820
5	108744844
5	109756436
5	111755669
5	111756109
5	121488635
5	1216787
5	122361581
5	122364538
5	128301890
5	130500751
5	131324250
5	131538564
5	131877524
5	134211055
5	134583301
5	134583302
5	134670741
5	134782450
5	135272373
5	135396589
5	137902680
5	137906816
5	138857955
5	139931628
5	139931629
5	140112285
5	140181306
5	140186984
5	140186988
5	140242451
5	140603480
5	140683301
5	140772898
5	141024690
5	141993631
5	142662280
5	142939002
5	145895394
5	146464144
5	148885006
5	148989259
5	149374879
5	149433939
5	149435608
5	149450132
5	149459790
5	149460343
5	149460542
5	150481012
5	152871788
5	153709273
5	153792453
5	153796484
5	156485931
5	156811443
5	157215027
5	158743788
5	158750329
5	164031899
5	16673800
5	16673959
5	167835629
5	167990980
5	169206302
5	169483706
5	169910062
5	172341893
5	172342029
5	172386290
5	176026121
5	176862065
5	177020713
5	178203142
5	179128008
5	179228694
5	179280392
5	179287622
5	179287779
5	180052946
5	180582256
5	180622167
5	220433
5	2755485
5	33462034
5	33751454
5	33994182
5	34925328
5	35013058
5	37157424
5	37688010
5	38496637
5	40841571
5	41000851
5	41061715
5	41150035
5	41842798
5	41843682
5	41862758
5	42466116
5	43294192
5	43602856
5	462459
5	468726
5	52397199
5	52398005
5	54162869
5	55063821
5	55224484
5	56255212
5	57754851
5	57792549
5	58468707
5	61047495
5	64103497
5	65372156
5	66479383
5	668574
5	668654
5	668663
5	68616079
5	72469545
5	74283325
5	74965122
5	75594743
5	77241618
5	78181423
5	78265011
5	7835545
5	78378780
5	78415137
5	78417158
5	78422035
5	78423621
5	7885931
5	7897191
5	79370247
5	79596364
5	79731608
5	80512782
5	80641789
5	82648943
5	84506009
5	86707121
5	869424
5	92249425
5	94749787
5	94772576
5	94891910
5	95128742
5	95194593
5	96109052
5	96139426
5	96215680
5	96219561
5	9658535
5	96856893
5	98129109
6	101215020
6	10694725
6	107019880
6	107351312
6	108076790
6	109197379
6	109480542
6	109702776
6	109702912
6	109763947
6	109850199
6	110448742
6	111587310
6	112575027
6	114452376
6	114856879
6	11490544
6	116441470
6	116783619
6	117086309
6	117113761
6	117150008
6	117631301
6	117631431
6	121655758
6	123122552
6	126667415
6	128176318
6	131900390
6	132938606
6	132938842
6	133004281
6	133015193
6	133073811
6	133111349
6	13318328
6	133419457
6	13599306
6	13601179
6	138539183
6	138727288
6	138734029
6	139094917
6	139204006
6	139206935
6	139558515
6	139576544
6	145157750
6	146480637
6	150212034
6	150387059
6	150390149
6	150719240
6	153019099
6	154360569
6	154428666
6	154428881
6	154567863
6	155490051
6	155577717
6	155597005
6	158571611
6	159134910
6	160198359
6	160427511
6	160500812
6	160501198
6	160560897
6	160969693
6	161006077
6	162206876
6	162622197
6	16274654
6	16279097
6	16295333
6	165801790
6	165808716
6	167343106
6	167343141
6	167709702
6	167711559
6	167717457
6	169620363
6	169632217
6	170036466
6	170175416
6	18130918
6	18130993
6	19804510
6	20212410
6	2399099
6	24436043
6	24505165
6	24532351
6	24532392
6	24667501
6	24797640
6	25273653
6	25778182
6	25799043
6	25969631
6	26189303
6	26368279
6	26370833
6	2680526
6	27114910
6	27335295
6	28198122
6	28294208
6	28318166
6	2834130
6	28359101
6	28497339
6	29069299
6	29407955
6	29429275
6	29638515
6	29764968
6	29894953
6	29912395
6	29975093
6	30071363
6	30080582
6	30115320
6	30558477
6	30564344
6	30596135
6	30619145
6	30758664
6	30857072
6	30858857
6	30860313
6	30865204
6	30865279
6	30883561
6	30995114
6	31105857
6	31124849
6	31125257
6	31165597
6	3127644
6	31324143
6	31324535
6	31324736
6	31380001
6	31380157
6	31380160
6	3140742
6	31557640
6	31557791
6	31557836
6	31557891
6	31606977
6	31617150
6	31692558
6	31740760
6	31740763
6	31778831
6	31838588
6	31900253
6	31902065
6	31931902
6	32134395
6	32151420
6	32151443
6	32151664
6	32152085
6	32359389
6	32359519
6	32362521
6	32370969
6	32373064
6	32411035
6	32485856
6	32552143
6	3255327
6	3259296
6	32606728
6	32606732
6	32628130
6	32628635
6	32628660
6	32920239
6	33048312
6	33048466
6	33054013
6	33096523
6	33168716
6	33172479
6	33172755
6	33543116
6	35426132
6	35467877
6	35586920
6	36063795
6	36168072
6	36193085
6	36274148
6	36489582
6	36839598
6	38738337
6	39282816
6	4049321
6	41010518
6	41029294
6	41037832
6	41038845
6	41043214
6	41250466
6	41754634
6	41766432
6	41903798
6	42094553
6	42559926
6	42713809
6	42858524
6	43174056
6	43193877
6	43222362
6	43568762
6	43572467
6	44140054
6	44219803
6	46108916
6	46672381
6	46717652
6	49425696
6	51484077
6	52103527
6	52697739
6	52767199
6	53152683
6	54172865
6	56917907
6	64289968
6	65720311
6	65720312
6	66201464
6	6654849
6	69785875
6	69942506
6	71289188
6	71547572
6	73100588
6	74019338
6	74351582
6	74405553
6	7542148
6	7883468
6	7895348
6	7899909
6	79612744
6	82437972
6	83074937
6	83075648
6	83933649
6	84108085
6	84108200
6	85866689
6	86195033
6	86199243
6	86282090
6	88304889
6	90605664
6	92394765
6	93967201
6	9611061
6	99375580
6	99885246
6	99894012
6	99894321
6	99930627
7	100346094
7	100371358
7	100377138
7	100377373
7	100382316
7	100385561
7	100389677
7	100420155
7	100420212
7	100486464
7	100607266
7	100692149
7	100771765
7	100883019
7	101952374
7	102618968
7	103062016
7	1037382
7	104752798
7	105668925
7	106509571
7	106509933
7	106524689
7	107350599
7	114103208
7	116165237
7	116339282
7	116339672
7	116340086
7	116863033
7	117230454
7	117232223
7	119209346
7	120392377
7	121968563
7	122338970
7	122839967
7	123197691
7	123267185
7	123267310
7	123508328
7	12391268
7	12414725
7	12610578
7	12675677
7	126890902
7	128248269
7	128615897
7	129825030
7	13141631
7	131771630
7	134215396
7	134222413
7	135715783
7	136935977
7	137790073
7	138268726
7	138341219
7	138711291
7	139724607
7	139726121
7	140175007
7	141450185
7	141756665
7	142124315
7	142144035
7	142206571
7	142572908
7	142749439
7	142997069
7	143048771
7	143747497
7	144364877
7	144364918
7	144421202
7	144462990
7	148288020
7	148848338
7	149485060
7	149487608
7	149519770
7	149983566
7	150027578
7	150028118
7	150028157
7	150389594
7	150554112
7	150554151
7	150554584
7	150554995
7	150557707
7	150780169
7	150884266
7	151133265
7	151791170
7	154561188
7	154672646
7	154677414
7	154681050
7	156468559
7	157414055
7	157820169
7	158662182
7	16298624
7	16445874
7	1733474
7	17334899
7	1937875
7	20666235
7	20725325
7	21582963
7	21890939
7	2282612
7	23212627
7	23234304
7	23313823
7	23725911
7	23725913
7	27570892
7	28060205
7	28279726
7	30065960
7	30573011
7	30795042
7	30795146
7	30795315
7	30795412
7	30795448
7	30795466
7	30830967
7	30915263
7	31697913
7	32110008
7	33979563
7	34760251
7	34888110
7	36124231
7	37724902
7	37903064
7	37960262
7	38331416
7	43827595
7	44104896
7	44118323
7	44579335
7	44839429
7	45932563
7	45932600
7	45961271
7	46713850
7	48018376
7	48452181
7	50173702
7	5024540
7	50530987
7	50607694
7	50611601
7	53103512
7	54624989
7	55259450
7	55629723
7	55832643
7	5643145
7	5643663
7	63529988
7	64438667
7	64452738
7	65429359
7	66049330
7	6714788
7	72209527
7	73523347
7	73526325
7	75401263
7	75452639
7	76144561
7	76240785
7	79818277
7	81388042
7	86394593
7	87526649
7	87839371
7	90116640
7	91186050
7	91503356
7	91503872
7	91842554
7	92355033
7	926791
7	92875431
7	943868
7	95024007
7	95216346
7	95216421
7	95820500
7	99012885
7	99156646
7	99161485
7	99269397
7	99270539
7	99359800
7	99361626
7	99366068
7	99434077
7	99499799
7	99702947
7	99817585
7	99971735
8	100133706
8	100974669
8	101960857
8	102066725
8	103250839
8	103984548
8	104384780
8	10464405
8	10465787
8	105459614
8	105479120
8	107738486
8	110451125
8	110464510
8	110472066
8	11618925
8	11619504
8	11659375
8	11659516
8	11659928
8	11667179
8	11683622
8	124154697
8	124195352
8	124440235
8	125528135
8	125579990
8	12952293
8	130382552
8	130789716
8	132324996
8	141554321
8	142446785
8	142459777
8	142477498
8	143763531
8	143822563
8	143922642
8	144522387
8	144649541
8	144658256
8	144658630
8	144900096
8	145032811
8	145051711
8	145057110
8	145617534
8	16012594
8	16035502
8	16043667
8	16939299
8	17726470
8	17749317
8	17763365
8	17838213
8	18079746
8	18080115
8	18080116
8	18080308
8	19819724
8	20061469
8	22053701
8	22570907
8	24324524
8	26239383
8	26481822
8	27358505
8	27361241
8	27362515
8	27364442
8	27373865
8	27394366
8	27472259
8	27685706
8	27690557
8	28273388
8	28557421
8	28925095
8	29195986
8	31030535
8	38091917
8	38369982
8	39606830
8	39646261
8	39775653
8	39872935
8	41399354
8	41551549
8	42033519
8	42177163
8	43152162
8	52284560
8	55576412
8	56717529
8	58142288
8	59549792
8	60525449
8	62378365
8	62580820
8	6371240
8	6371291
8	6371303
8	63998434
8	64049462
8	67590151
8	67922949
8	6794249
8	69243303
8	70746363
8	70850460
8	71646084
8	72755647
8	72932259
8	75664694
8	77775350
8	80678493
8	8090315
8	82438200
8	82665476
8	86171710
8	86180136
8	86180719
8	87226634
8	87241847
8	8954371
8	91018507
8	91606200
8	92213022
8	9241512
8	9261454
8	9311813
8	9311814
8	94576347
8	94767139
8	94775175
8	9527707
8	95880908
8	95951916
8	97285617
8	97692670
8	99045866
8	9912029
8	99205612
9	100396172
9	100405634
9	100840343
9	102879759
9	107288714
9	107331474
9	107360768
9	107367392
9	107367664
9	107515201
9	107535190
9	111618209
9	112144686
9	112969744
9	116136155
9	116191244
9	117840276
9	119160758
9	119341343
9	120474721
9	120475248
9	120475826
9	120475936
9	123632050
9	124065219
9	125239501
9	125273385
9	125391241
9	125391770
9	12709125
9	127245070
9	129143435
9	130475312
9	130550917
9	130634990
9	130980937
9	131084134
9	131604977
9	131684560
9	131709581
9	132400660
9	133302892
9	133305014
9	133346226
9	133755528
9	133787218
9	13408433
9	134105048
9	134385435
9	135073967
9	136029645
9	136083580
9	136599026
9	136640122
9	137005893
9	137017126
9	137328442
9	137801789
9	137804954
9	138441685
9	138516346
9	138589474
9	139235481
9	139235526
9	139326304
9	139634495
9	139694454
9	139694456
9	139694457
9	139744524
9	139748276
9	139750072
9	139815612
9	139840371
9	139994211
9	140002934
9	140002963
9	140007492
9	140201476
9	140391659
9	18928286
9	18928508
9	19056385
9	21228002
9	21304913
9	21481483
9	21854740
9	22056246
9	22077677
9	27104608
9	27524364
9	32408612
9	32450043
9	32467865
9	32481339
9	32984657
9	32984803
9	33135238
9	33798473
9	33927880
9	34343337
9	34648088
9	34990339
9	35076517
9	35562393
9	35682764
9	35790151
9	35812098
9	36589555
9	36651819
9	3671473
9	36882090
9	37422763
9	37425990
9	37429744
9	38396905
9	43844307
9	44173069
9	44869141
9	454608
9	5892552
9	6329010
9	6849518
9	71152177
9	72720830
9	74890742
9	79952468
9	80868859
9	84208039
9	86617714
9	86907582
9	87342648
9	90219920
9	93639973
9	93640009
9	93641175
9	93641199
9	94486564
9	94487090
9	95679856
9	95872885
9	96080763
9	99711193
